"tree" "subplot" "plot" "Pc" "Hs" "Cc" "npodh"
"1" 1 1 1 0 2 22 43
"2" 2 2 1 0 4 9 18
"3" 3 1 1 0 16 7 34
"4" 4 2 1 0 9 4 13
"5" 5 1 1 0 3 2 10
"6" 6 2 1 0 2 2 9
"7" 7 1 1 0 0 8 12
"8" 8 2 1 0 4 8 17
"9" 9 1 1 0 1 30 48
"10" 10 2 1 0 4 3 10
"11" 11 3 2 1 1 0 2
"12" 12 4 2 1 6 4 24
"13" 13 3 2 1 0 0 2
"14" 14 4 2 1 3 11 30
"15" 15 3 2 1 0 0 2
"16" 16 4 2 1 2 0 6
"17" 17 3 2 1 0 0 2
"18" 18 4 2 1 0 0 0
"19" 19 3 2 1 0 0 1
"20" 20 4 2 1 0 0 0
"21" 21 5 3 1 0 2 3
"22" 22 6 3 1 0 0 0
"23" 23 5 3 1 0 0 0
"24" 24 6 3 1 2 2 7
"25" 25 5 3 1 0 0 2
"26" 26 6 3 1 0 4 7
"27" 27 5 3 1 5 4 10
"28" 28 6 3 1 0 7 10
"29" 29 5 3 1 0 9 13
"30" 30 6 3 1 0 1 2
"31" 31 7 4 1 0 3 12
"32" 32 8 4 1 0 5 6
"33" 33 7 4 1 0 0 1
"34" 34 8 4 1 0 0 1
"35" 35 7 4 0 0 0 0
"36" 36 8 4 0 1 1 6
"37" 37 7 4 0 0 1 2
"38" 38 8 4 1 0 2 4
"39" 39 7 4 1 0 0 1
"40" 40 8 4 1 1 0 5
"41" 41 9 5 1 0 0 0
"42" 42 10 5 1 3 2 7
"43" 43 9 5 1 5 15 22
"44" 44 10 5 1 2 2 4
"45" 45 9 5 1 1 2 5
"46" 46 10 5 1 0 0 4
"47" 47 9 5 1 0 0 2
"48" 48 10 5 1 0 0 2
"49" 49 9 5 1 0 1 2
"50" 50 10 5 1 2 8 10
"51" 51 11 6 1 5 7 22
"52" 52 12 6 1 6 13 26
"53" 53 11 6 1 1 2 3
"54" 54 12 6 1 9 21 35
"55" 55 11 6 1 1 0 1
"56" 56 12 6 1 3 6 13
"57" 57 11 6 1 1 8 10
"58" 58 12 6 1 5 10 23
"59" 59 11 6 1 0 0 0
"60" 60 12 6 1 9 7 23
"61" 61 13 7 1 0 4 8
"62" 62 14 7 1 7 18 56
"63" 63 13 7 1 1 7 11
"64" 64 14 7 1 1 1 3
"65" 65 13 7 1 0 6 8
"66" 66 14 7 1 2 20 38
"67" 67 13 7 1 13 11 35
"68" 68 14 7 1 9 26 78
"69" 69 13 7 1 9 30 77
"70" 70 14 7 1 0 3 5
"71" 71 15 8 1 2 1 9
"72" 72 16 8 1 1 3 6
"73" 73 15 8 1 1 2 4
"74" 74 16 8 1 1 0 2
"75" 75 15 8 1 1 6 10
"76" 76 16 8 1 0 2 5
"77" 77 15 8 1 1 4 7
"78" 78 16 8 1 0 0 0
"79" 79 15 8 1 6 27 43
"80" 80 16 8 1 1 4 9
"81" 81 17 9 1 1 15 33
"82" 82 18 9 1 1 3 7
"83" 83 17 9 1 2 7 14
"84" 84 18 9 1 4 21 26
"85" 85 17 9 1 0 0 0
"86" 86 18 9 1 3 14 20
"87" 87 17 9 1 0 1 1
"88" 88 18 9 1 1 1 4
"89" 89 17 9 1 0 1 2
"90" 90 18 9 1 0 3 7
"91" 91 19 10 1 2 17 38
"92" 92 20 10 1 5 18 31
"93" 93 19 10 1 4 16 34
"94" 94 20 10 1 5 16 30
"95" 95 19 10 1 0 3 11
"96" 96 20 10 1 5 2 12
"97" 97 19 10 1 0 8 12
"98" 98 20 10 1 11 3 21
"99" 99 19 10 1 0 4 10
"100" 100 20 10 1 2 10 26
"101" 101 21 11 1 3 1 6
"102" 102 22 11 0 10 2 14
"103" 103 21 11 1 1 1 2
"104" 104 22 11 0 31 0 31
"105" 105 21 11 1 4 1 6
"106" 106 22 11 1 4 2 7
"107" 107 21 11 0 4 1 7
"108" 108 22 11 1 2 2 4
"109" 109 21 11 0 6 3 11
"110" 110 22 11 1 9 0 9
"111" 111 23 12 0 41 3 49
"112" 112 24 12 1 9 4 13
"113" 113 23 12 0 13 6 31
"114" 114 24 12 0 4 8 21
"115" 115 23 12 0 11 10 37
"116" 116 24 12 0 15 3 24
"117" 117 23 12 0 9 1 11
"118" 118 24 12 0 2 10 33
"119" 119 23 12 0 59 0 66
"120" 120 24 12 0 35 5 45
"121" 121 25 13 1 4 0 4
"122" 122 26 13 1 3 12 21
"123" 123 25 13 1 16 0 17
"124" 124 26 13 0 3 2 6
"125" 125 25 13 0 0 0 1
"126" 126 26 13 1 24 4 30
"127" 127 25 13 1 4 0 4
"128" 128 26 13 1 7 2 15
"129" 129 25 13 1 9 5 15
"130" 130 26 13 1 9 1 12
"131" 131 27 14 1 0 0 0
"132" 132 28 14 1 5 2 9
"133" 133 27 14 1 0 0 1
"134" 134 28 14 1 7 19 27
"135" 135 27 14 1 0 8 12
"136" 136 28 14 1 3 6 16
"137" 137 27 14 1 0 0 1
"138" 138 28 14 1 6 17 30
"139" 139 27 14 1 0 0 1
"140" 140 28 14 1 1 8 9
"141" 141 29 15 1 0 1 3
"142" 142 30 15 1 1 7 27
"143" 143 29 15 0 3 5 11
"144" 144 30 15 1 6 11 25
"145" 145 29 15 1 7 9 20
"146" 146 30 15 1 11 10 26
"147" 147 29 15 0 4 2 8
"148" 148 30 15 0 1 6 10
"149" 149 29 15 0 8 9 25
"150" 150 30 15 1 5 4 15
"151" 151 31 16 1 3 14 26
"152" 152 32 16 1 7 9 28
"153" 153 31 16 1 3 4 14
"154" 154 32 16 1 2 1 12
"155" 155 31 16 0 9 7 30
"156" 156 32 16 1 5 15 39
"157" 157 31 16 1 0 5 11
"158" 158 32 16 1 2 3 15
"159" 159 31 16 0 4 13 21
"160" 160 32 16 1 10 29 58
"161" 161 33 17 1 0 10 13
"162" 162 34 17 1 1 5 9
"163" 163 33 17 1 4 14 28
"164" 164 34 17 1 1 4 9
"165" 165 33 17 0 17 3 23
"166" 166 34 17 1 5 12 19
"167" 167 33 17 0 9 37 81
"168" 168 34 17 0 15 8 36
"169" 169 33 17 1 8 29 48
"170" 170 34 17 0 9 15 32
"171" 171 35 18 1 0 3 7
"172" 172 36 18 1 1 3 4
"173" 173 35 18 1 8 5 26
"174" 174 36 18 1 1 1 5
"175" 175 35 18 1 1 3 5
"176" 176 36 18 1 2 5 17
"177" 177 35 18 1 4 8 16
"178" 178 36 18 1 2 12 19
"179" 179 35 18 1 1 7 10
"180" 180 36 18 1 0 3 4
"181" 181 37 19 0 3 8 18
"182" 182 38 19 1 8 31 52
"183" 183 37 19 0 44 12 61
"184" 184 38 19 0 11 7 22
"185" 185 37 19 0 4 1 5
"186" 186 38 19 1 0 0 2
"187" 187 37 19 0 2 1 4
"188" 188 38 19 0 1 1 2
"189" 189 37 19 0 5 0 6
"190" 190 38 19 0 2 2 6
"191" 191 39 20 0 5 0 5
"192" 192 40 20 0 3 0 4
"193" 193 39 20 0 11 0 20
"194" 194 40 20 0 6 1 8
"195" 195 39 20 1 8 0 8
"196" 196 40 20 0 8 0 10
"197" 197 39 20 0 1 0 1
"198" 198 40 20 0 1 1 4
"199" 199 39 20 0 1 0 1
"200" 200 40 20 0 5 0 6
"201" 201 41 21 1 1 3 14
"202" 202 42 21 1 2 0 4
"203" 203 41 21 1 3 4 8
"204" 204 42 21 1 5 0 5
"205" 205 41 21 1 7 0 11
"206" 206 42 21 1 1 2 4
"207" 207 41 21 1 4 1 6
"208" 208 42 21 1 14 4 20
"209" 209 41 21 1 17 2 20
"210" 210 42 21 1 0 1 3
"211" 211 43 22 0 10 3 17
"212" 212 44 22 0 1 3 17
"213" 213 43 22 0 3 0 4
"214" 214 44 22 0 12 1 13
"215" 215 43 22 0 15 1 21
"216" 216 44 22 0 15 3 28
"217" 217 43 22 0 8 3 14
"218" 218 44 22 0 22 6 46
"219" 219 43 22 0 6 4 16
"220" 220 44 22 0 3 1 8
"221" 221 45 23 1 0 2 5
"222" 222 46 23 1 3 0 3
"223" 223 45 23 1 0 0 1
"224" 224 46 23 1 0 1 1
"225" 225 45 23 1 0 1 1
"226" 226 46 23 1 0 0 0
"227" 227 45 23 1 0 2 2
"228" 228 46 23 1 2 0 5
"229" 229 45 23 1 0 2 2
"230" 230 46 23 1 0 1 1
"231" 231 47 24 1 0 1 2
"232" 232 48 24 1 1 5 8
"233" 233 47 24 1 3 4 15
"234" 234 48 24 1 0 3 4
"235" 235 47 24 1 0 4 9
"236" 236 48 24 1 0 0 1
"237" 237 47 24 1 0 5 10
"238" 238 48 24 1 0 0 1
"239" 239 47 24 1 3 15 44
"240" 240 48 24 1 1 11 14
"241" 241 49 25 1 5 12 20
"242" 242 50 25 1 0 0 2
"243" 243 49 25 1 7 6 16
"244" 244 50 25 1 4 2 9
"245" 245 49 25 1 6 2 11
"246" 246 50 25 1 0 1 2
"247" 247 49 25 1 5 1 7
"248" 248 50 25 1 8 6 16
"249" 249 49 25 1 2 4 8
"250" 250 50 25 1 10 5 15
"251" 251 51 26 1 7 12 26
"252" 252 52 26 1 5 7 14
"253" 253 51 26 1 4 15 21
"254" 254 52 26 1 0 6 7
"255" 255 51 26 1 10 1 11
"256" 256 52 26 1 16 22 48
"257" 257 51 26 1 5 1 6
"258" 258 52 26 1 1 11 13
"259" 259 51 26 1 3 14 23
"260" 260 52 26 1 6 0 7
"261" 261 53 27 0 7 2 12
"262" 262 54 27 0 11 1 16
"263" 263 53 27 0 0 0 0
"264" 264 54 27 0 10 0 12
"265" 265 53 27 0 0 0 0
"266" 266 54 27 0 7 0 8
"267" 267 53 27 0 2 0 2
"268" 268 54 27 0 7 3 10
"269" 269 53 27 0 1 0 1
"270" 270 54 27 0 1 1 2
"271" 271 55 28 1 3 15 31
"272" 272 56 28 1 1 11 14
"273" 273 55 28 1 2 2 9
"274" 274 56 28 1 0 3 3
"275" 275 55 28 0 0 5 17
"276" 276 56 28 1 0 3 5
"277" 277 55 28 1 5 8 19
"278" 278 56 28 1 4 5 16
"279" 279 55 28 1 6 17 53
"280" 280 56 28 1 3 21 30
"281" 281 57 29 1 49 0 55
"282" 282 58 29 1 8 1 14
"283" 283 57 29 1 48 8 59
"284" 284 58 29 1 7 3 17
"285" 285 57 29 0 12 5 19
"286" 286 58 29 1 11 11 33
"287" 287 57 29 0 22 9 36
"288" 288 58 29 0 72 17 107
"289" 289 57 29 0 21 0 23
"290" 290 58 29 0 5 2 10
"291" 291 59 30 1 1 0 15
"292" 292 60 30 1 0 1 10
"293" 293 59 30 1 1 0 2
"294" 294 60 30 1 1 2 6
"295" 295 59 30 1 1 2 3
"296" 296 60 30 1 0 3 12
"297" 297 59 30 1 0 0 5
"298" 298 60 30 1 0 2 6
"299" 299 59 30 1 12 3 15
"300" 300 60 30 1 0 9 15
"301" 301 61 31 0 19 7 34
"302" 302 62 31 0 1 1 3
"303" 303 61 31 0 9 0 13
"304" 304 62 31 0 0 0 0
"305" 305 61 31 0 0 0 5
"306" 306 62 31 0 1 0 1
"307" 307 61 31 0 3 4 14
"308" 308 62 31 0 3 3 8
"309" 309 61 31 0 2 2 4
"310" 310 62 31 0 7 5 15
"311" 311 63 32 0 0 0 1
"312" 312 64 32 0 2 7 9
"313" 313 63 32 0 7 3 11
"314" 314 64 32 0 17 6 25
"315" 315 63 32 0 16 6 32
"316" 316 64 32 0 14 5 23
"317" 317 63 32 0 5 9 22
"318" 318 64 32 0 41 0 47
"319" 319 63 32 0 26 3 40
"320" 320 64 32 0 24 5 35
"321" 321 65 33 1 7 13 45
"322" 322 66 33 1 7 12 33
"323" 323 65 33 1 3 17 38
"324" 324 66 33 1 2 39 69
"325" 325 65 33 1 3 20 38
"326" 326 66 33 1 6 15 45
"327" 327 65 33 1 13 3 22
"328" 328 66 33 1 3 19 32
"329" 329 65 33 1 1 2 13
"330" 330 66 33 1 3 24 46
"331" 331 67 34 0 30 24 85
"332" 332 68 34 0 10 10 25
"333" 333 67 34 0 14 36 65
"334" 334 68 34 0 10 12 30
"335" 335 67 34 0 5 13 33
"336" 336 68 34 1 10 11 27
"337" 337 67 34 0 14 8 33
"338" 338 68 34 0 6 4 14
"339" 339 67 34 0 10 11 26
"340" 340 68 34 0 2 27 40
"341" 341 69 35 1 7 6 21
"342" 342 70 35 0 2 3 15
"343" 343 69 35 0 1 7 19
"344" 344 70 35 0 2 3 6
"345" 345 69 35 0 1 13 22
"346" 346 70 35 0 3 3 9
"347" 347 69 35 0 7 17 36
"348" 348 70 35 0 0 1 3
"349" 349 69 35 0 3 0 4
"350" 350 70 35 0 0 0 1
"351" 351 71 36 0 0 7 7
"352" 352 72 36 0 0 0 0
"353" 353 71 36 0 1 1 2
"354" 354 72 36 0 2 2 5
"355" 355 71 36 0 9 1 10
"356" 356 72 36 0 3 4 7
"357" 357 71 36 0 4 0 5
"358" 358 72 36 0 0 5 5
"359" 359 71 36 0 2 4 8
"360" 360 72 36 0 2 1 3
"361" 361 73 37 1 9 6 20
"362" 362 74 37 1 7 14 23
"363" 363 73 37 1 3 3 6
"364" 364 74 37 1 1 8 17
"365" 365 73 37 1 4 7 16
"366" 366 74 37 1 1 8 17
"367" 367 73 37 1 0 2 3
"368" 368 74 37 1 1 3 5
"369" 369 73 37 1 6 6 23
"370" 370 74 37 1 1 1 4
"371" 371 75 38 1 5 6 15
"372" 372 76 38 1 2 9 27
"373" 373 75 38 1 0 1 1
"374" 374 76 38 1 7 7 20
"375" 375 75 38 0 1 1 2
"376" 376 76 38 1 5 15 32
"377" 377 75 38 1 2 1 3
"378" 378 76 38 1 10 18 46
"379" 379 75 38 1 8 6 16
"380" 380 76 38 1 10 20 52
"381" 381 77 39 0 6 3 18
"382" 382 78 39 0 15 37 93
"383" 383 77 39 0 38 8 61
"384" 384 78 39 0 4 5 18
"385" 385 77 39 0 6 5 14
"386" 386 78 39 0 6 7 15
"387" 387 77 39 0 11 11 23
"388" 388 78 39 0 16 4 21
"389" 389 77 39 0 6 2 8
"390" 390 78 39 0 11 5 19
"391" 391 79 40 0 4 6 10
"392" 392 80 40 0 1 3 4
"393" 393 79 40 0 0 1 1
"394" 394 80 40 0 1 19 23
"395" 395 79 40 0 0 2 2
"396" 396 80 40 0 3 0 6
"397" 397 79 40 0 2 7 9
"398" 398 80 40 0 1 11 25
"399" 399 79 40 0 0 0 0
"400" 400 80 40 0 2 2 6
"401" 401 81 41 1 8 9 19
"402" 402 82 41 1 0 10 11
"403" 403 81 41 1 5 11 20
"404" 404 82 41 1 0 9 10
"405" 405 81 41 1 4 10 19
"406" 406 82 41 1 4 18 30
"407" 407 81 41 1 1 10 15
"408" 408 82 41 1 0 0 4
"409" 409 81 41 1 3 20 25
"410" 410 82 41 1 0 1 5
"411" 411 83 42 1 1 1 4
"412" 412 84 42 0 18 33 69
"413" 413 83 42 1 5 4 10
"414" 414 84 42 0 9 5 15
"415" 415 83 42 1 10 22 47
"416" 416 84 42 1 5 7 15
"417" 417 83 42 1 1 1 2
"418" 418 84 42 0 5 12 31
"419" 419 83 42 1 1 3 7
"420" 420 84 42 1 12 8 21
"421" 421 85 43 1 22 4 26
"422" 422 86 43 1 1 9 16
"423" 423 85 43 1 13 4 21
"424" 424 86 43 1 7 22 34
"425" 425 85 43 1 30 30 68
"426" 426 86 43 1 2 0 2
"427" 427 85 43 1 5 4 11
"428" 428 86 43 1 0 0 0
"429" 429 85 43 1 2 8 20
"430" 430 86 43 1 0 1 5
